1.00e+00 0.00e+00 0.00e+00 0.00e+00 0.00e+00 0.00e+00 0.00e+00 0.00e+00 0.00e+00 0.00e+00 0.00e+00 0.00e+00 0.00e+00 0.00e+00 0.00e+00 0.00e+00 0.00e+00 0.00e+00 0.00e+00 0.00e+00
2.54e-01 5.24e-01 1.94e-01 2.47e-02 3.14e-03 3.99e-04 5.08e-05 6.46e-06 8.21e-07 1.04e-07 1.33e-08 1.69e-09 2.15e-10 2.74e-11 3.48e-12 4.43e-13 5.63e-14 7.17e-15 8.97e-16 1.50e-16
3.24e-02 1.94e-01 5.48e-01 1.97e-01 2.51e-02 3.19e-03 4.05e-04 5.16e-05 6.56e-06 8.35e-07 1.06e-07 1.35e-08 1.72e-09 2.19e-10 2.78e-11 3.54e-12 4.50e-13 5.72e-14 7.17e-15 1.20e-15
4.12e-03 2.47e-02 1.97e-01 5.49e-01 1.97e-01 2.51e-02 3.19e-03 4.06e-04 5.16e-05 6.56e-06 8.35e-07 1.06e-07 1.35e-08 1.72e-09 2.19e-10 2.78e-11 3.54e-12 4.50e-13 5.63e-14 9.41e-15
5.24e-04 3.14e-03 2.51e-02 1.97e-01 5.49e-01 1.97e-01 2.51e-02 3.19e-03 4.06e-04 5.16e-05 6.56e-06 8.35e-07 1.06e-07 1.35e-08 1.72e-09 2.19e-10 2.78e-11 3.54e-12 4.43e-13 7.40e-14
6.66e-05 3.99e-04 3.19e-03 2.51e-02 1.97e-01 5.49e-01 1.97e-01 2.51e-02 3.19e-03 4.06e-04 5.16e-05 6.56e-06 8.35e-07 1.06e-07 1.35e-08 1.72e-09 2.19e-10 2.78e-11 3.48e-12 5.81e-13
8.48e-06 5.08e-05 4.05e-04 3.19e-03 2.51e-02 1.97e-01 5.49e-01 1.97e-01 2.51e-02 3.19e-03 4.06e-04 5.16e-05 6.56e-06 8.35e-07 1.06e-07 1.35e-08 1.72e-09 2.19e-10 2.74e-11 4.57e-12
1.08e-06 6.46e-06 5.16e-05 4.06e-04 3.19e-03 2.51e-02 1.97e-01 5.49e-01 1.97e-01 2.51e-02 3.19e-03 4.06e-04 5.16e-05 6.56e-06 8.35e-07 1.06e-07 1.35e-08 1.72e-09 2.15e-10 3.59e-11
1.37e-07 8.21e-07 6.56e-06 5.16e-05 4.06e-04 3.19e-03 2.51e-02 1.97e-01 5.49e-01 1.97e-01 2.51e-02 3.19e-03 4.06e-04 5.16e-05 6.56e-06 8.35e-07 1.06e-07 1.35e-08 1.69e-09 2.82e-10
1.75e-08 1.04e-07 8.35e-07 6.56e-06 5.16e-05 4.06e-04 3.19e-03 2.51e-02 1.97e-01 5.49e-01 1.97e-01 2.51e-02 3.19e-03 4.06e-04 5.16e-05 6.56e-06 8.35e-07 1.06e-07 1.33e-08 2.22e-09
2.22e-09 1.33e-08 1.06e-07 8.35e-07 6.56e-06 5.16e-05 4.06e-04 3.19e-03 2.51e-02 1.97e-01 5.49e-01 1.97e-01 2.51e-02 3.19e-03 4.06e-04 5.16e-05 6.56e-06 8.35e-07 1.04e-07 1.75e-08
2.82e-10 1.69e-09 1.35e-08 1.06e-07 8.35e-07 6.56e-06 5.16e-05 4.06e-04 3.19e-03 2.51e-02 1.97e-01 5.49e-01 1.97e-01 2.51e-02 3.19e-03 4.06e-04 5.16e-05 6.56e-06 8.21e-07 1.37e-07
3.59e-11 2.15e-10 1.72e-09 1.35e-08 1.06e-07 8.35e-07 6.56e-06 5.16e-05 4.06e-04 3.19e-03 2.51e-02 1.97e-01 5.49e-01 1.97e-01 2.51e-02 3.19e-03 4.06e-04 5.16e-05 6.46e-06 1.08e-06
4.57e-12 2.74e-11 2.19e-10 1.72e-09 1.35e-08 1.06e-07 8.35e-07 6.56e-06 5.16e-05 4.06e-04 3.19e-03 2.51e-02 1.97e-01 5.49e-01 1.97e-01 2.51e-02 3.19e-03 4.05e-04 5.08e-05 8.48e-06
5.81e-13 3.48e-12 2.78e-11 2.19e-10 1.72e-09 1.35e-08 1.06e-07 8.35e-07 6.56e-06 5.16e-05 4.06e-04 3.19e-03 2.51e-02 1.97e-01 5.49e-01 1.97e-01 2.51e-02 3.19e-03 3.99e-04 6.66e-05
7.40e-14 4.43e-13 3.54e-12 2.78e-11 2.19e-10 1.72e-09 1.35e-08 1.06e-07 8.35e-07 6.56e-06 5.16e-05 4.06e-04 3.19e-03 2.51e-02 1.97e-01 5.49e-01 1.97e-01 2.51e-02 3.14e-03 5.24e-04
9.41e-15 5.63e-14 4.50e-13 3.54e-12 2.78e-11 2.19e-10 1.72e-09 1.35e-08 1.06e-07 8.35e-07 6.56e-06 5.16e-05 4.06e-04 3.19e-03 2.51e-02 1.97e-01 5.49e-01 1.97e-01 2.47e-02 4.12e-03
1.20e-15 7.17e-15 5.72e-14 4.50e-13 3.54e-12 2.78e-11 2.19e-10 1.72e-09 1.35e-08 1.06e-07 8.35e-07 6.56e-06 5.16e-05 4.05e-04 3.19e-03 2.51e-02 1.97e-01 5.48e-01 1.94e-01 3.24e-02
1.50e-16 8.97e-16 7.17e-15 5.63e-14 4.43e-13 3.48e-12 2.74e-11 2.15e-10 1.69e-09 1.33e-08 1.04e-07 8.21e-07 6.46e-06 5.08e-05 3.99e-04 3.14e-03 2.47e-02 1.94e-01 5.24e-01 2.54e-01
0.00e+00 0.00e+00 0.00e+00 0.00e+00 0.00e+00 0.00e+00 0.00e+00 0.00e+00 0.00e+00 0.00e+00 0.00e+00 0.00e+00 0.00e+00 0.00e+00 0.00e+00 0.00e+00 0.00e+00 0.00e+00 0.00e+00 1.00e+00
