1.00e+00 1.05e-15 -4.31e-16 7.98e-18 -1.03e-16 1.04e-15 -2.52e-16 -3.19e-17 8.66e-16 -1.71e-16 2.15e-16 -2.11e-17 6.77e-17 3.14e-17 1.83e-17 -9.09e-18 6.04e-18 2.81e-18 2.98e-18 7.22e-19 4.71e-21 1.43e-18 -3.24e-19 9.21e-20 2.68e-19 -2.63e-20 8.06e-20 2.24e-20 -1.11e-21 2.54e-20 5.50e-21 3.00e-21 3.02e-21 -7.64e-22 1.93e-21 4.15e-22 1.28e-22 2.72e-22 6.26e-23 1.19e-23 5.44e-23 5.06e-23 -3.10e-23 3.17e-23 -7.47e-24 6.71e-24 3.69e-24 1.07e-24 4.06e-25 7.65e-25 3.74e-25 4.78e-26 1.04e-25 1.93e-25 5.82e-26 -6.46e-26 7.92e-26 -7.79e-27 1.14e-26 4.05e-29 3.21e-27 1.58e-27 2.15e-28 5.16e-28 8.05e-28 1.65e-28 -6.81e-29 2.89e-28 -9.93e-29 7.87e-29 3.14e-29 -1.11e-29 2.09e-29 -2.48e-30 5.52e-30 2.40e-30 -1.54e-30 1.80e-30 1.03e-30 1.88e-31 -8.40e-32 -1.95e-32 2.22e-31 -1.40e-32 2.02e-32 1.41e-32 -1.59e-32 2.78e-32 -7.73e-33 7.83e-33 -1.52e-33 3.42e-33 -7.60e-34 7.62e-34 5.03e-35 2.14e-34 -4.70e-35 7.64e-35 2.44e-35 4.22e-35
1.23e+00 -7.05e-01 1.82e-01 1.12e-01 6.89e-02 4.25e-02 2.62e-02 1.61e-02 9.92e-03 6.11e-03 3.76e-03 2.32e-03 1.43e-03 8.79e-04 5.42e-04 3.34e-04 2.05e-04 1.27e-04 7.79e-05 4.80e-05 2.96e-05 1.82e-05 1.12e-05 6.91e-06 4.25e-06 2.62e-06 1.61e-06 9.94e-07 6.12e-07 3.77e-07 2.32e-07 1.43e-07 8.81e-08 5.43e-08 3.34e-08 2.06e-08 1.27e-08 7.81e-09 4.81e-09 2.96e-09 1.82e-09 1.12e-09 6.92e-10 4.26e-10 2.63e-10 1.62e-10 9.96e-11 6.13e-11 3.78e-11 2.33e-11 1.43e-11 8.83e-12 5.44e-12 3.35e-12 2.06e-12 1.27e-12 7.82e-13 4.82e-13 2.97e-13 1.83e-13 1.13e-13 6.93e-14 4.27e-14 2.63e-14 1.62e-14 9.98e-15 6.15e-15 3.79e-15 2.33e-15 1.44e-15 8.84e-16 5.45e-16 3.36e-16 2.07e-16 1.27e-16 7.84e-17 4.83e-17 2.97e-17 1.83e-17 1.13e-17 6.95e-18 4.28e-18 2.64e-18 1.62e-18 1.00e-18 6.16e-19 3.79e-19 2.34e-19 1.44e-19 8.86e-20 5.46e-20 3.36e-20 2.07e-20 1.27e-20 7.79e-21 4.74e-21 2.82e-21 1.57e-21 7.02e-22 2.93e-21
7.59e-01 1.82e-01 -5.93e-01 2.51e-01 1.54e-01 9.51e-02 5.86e-02 3.61e-02 2.22e-02 1.37e-02 8.43e-03 5.19e-03 3.20e-03 1.97e-03 1.21e-03 7.47e-04 4.60e-04 2.83e-04 1.75e-04 1.07e-04 6.62e-05 4.08e-05 2.51e-05 1.55e-05 9.53e-06 5.87e-06 3.61e-06 2.23e-06 1.37e-06 8.44e-07 5.20e-07 3.20e-07 1.97e-07 1.22e-07 7.48e-08 4.61e-08 2.84e-08 1.75e-08 1.08e-08 6.63e-09 4.09e-09 2.52e-09 1.55e-09 9.55e-10 5.88e-10 3.62e-10 2.23e-10 1.37e-10 8.46e-11 5.21e-11 3.21e-11 1.98e-11 1.22e-11 7.50e-12 4.62e-12 2.84e-12 1.75e-12 1.08e-12 6.65e-13 4.09e-13 2.52e-13 1.55e-13 9.56e-14 5.89e-14 3.63e-14 2.23e-14 1.38e-14 8.48e-15 5.22e-15 3.22e-15 1.98e-15 1.22e-15 7.51e-16 4.63e-16 2.85e-16 1.76e-16 1.08e-16 6.66e-17 4.10e-17 2.53e-17 1.56e-17 9.58e-18 5.90e-18 3.64e-18 2.24e-18 1.38e-18 8.49e-19 5.23e-19 3.22e-19 1.98e-19 1.22e-19 7.53e-20 4.63e-20 2.85e-20 1.75e-20 1.06e-20 6.31e-21 3.52e-21 1.57e-21 6.56e-21
4.67e-01 1.12e-01 2.51e-01 -5.51e-01 2.77e-01 1.70e-01 1.05e-01 6.47e-02 3.98e-02 2.45e-02 1.51e-02 9.31e-03 5.73e-03 3.53e-03 2.17e-03 1.34e-03 8.25e-04 5.08e-04 3.13e-04 1.93e-04 1.19e-04 7.31e-05 4.50e-05 2.77e-05 1.71e-05 1.05e-05 6.48e-06 3.99e-06 2.46e-06 1.51e-06 9.33e-07 5.74e-07 3.54e-07 2.18e-07 1.34e-07 8.27e-08 5.09e-08 3.14e-08 1.93e-08 1.19e-08 7.33e-09 4.51e-09 2.78e-09 1.71e-09 1.05e-09 6.49e-10 4.00e-10 2.46e-10 1.52e-10 9.34e-11 5.75e-11 3.54e-11 2.18e-11 1.34e-11 8.28e-12 5.10e-12 3.14e-12 1.93e-12 1.19e-12 7.34e-13 4.52e-13 2.78e-13 1.71e-13 1.06e-13 6.51e-14 4.01e-14 2.47e-14 1.52e-14 9.36e-15 5.77e-15 3.55e-15 2.19e-15 1.35e-15 8.30e-16 5.11e-16 3.15e-16 1.94e-16 1.19e-16 7.35e-17 4.53e-17 2.79e-17 1.72e-17 1.06e-17 6.52e-18 4.01e-18 2.47e-18 1.52e-18 9.38e-19 5.78e-19 3.56e-19 2.19e-19 1.35e-19 8.30e-20 5.11e-20 3.13e-20 1.90e-20 1.13e-20 6.31e-21 2.82e-21 1.18e-20
2.88e-01 6.89e-02 1.54e-01 2.77e-01 -5.34e-01 2.87e-01 1.77e-01 1.09e-01 6.70e-02 4.13e-02 2.54e-02 1.57e-02 9.64e-03 5.94e-03 3.66e-03 2.25e-03 1.39e-03 8.54e-04 5.26e-04 3.24e-04 2.00e-04 1.23e-04 7.57e-05 4.66e-05 2.87e-05 1.77e-05 1.09e-05 6.71e-06 4.13e-06 2.55e-06 1.57e-06 9.66e-07 5.95e-07 3.66e-07 2.26e-07 1.39e-07 8.56e-08 5.27e-08 3.25e-08 2.00e-08 1.23e-08 7.59e-09 4.67e-09 2.88e-09 1.77e-09 1.09e-09 6.73e-10 4.14e-10 2.55e-10 1.57e-10 9.68e-11 5.96e-11 3.67e-11 2.26e-11 1.39e-11 8.58e-12 5.28e-12 3.25e-12 2.00e-12 1.23e-12 7.60e-13 4.68e-13 2.88e-13 1.78e-13 1.09e-13 6.74e-14 4.15e-14 2.56e-14 1.57e-14 9.70e-15 5.97e-15 3.68e-15 2.27e-15 1.40e-15 8.60e-16 5.29e-16 3.26e-16 2.01e-16 1.24e-16 7.62e-17 4.69e-17 2.89e-17 1.78e-17 1.10e-17 6.75e-18 4.16e-18 2.56e-18 1.58e-18 9.72e-19 5.98e-19 3.69e-19 2.27e-19 1.40e-19 8.59e-20 5.26e-20 3.20e-20 1.90e-20 1.06e-20 4.74e-21 1.98e-20
1.77e-01 4.25e-02 9.51e-02 1.70e-01 2.87e-01 -5.28e-01 2.90e-01 1.79e-01 1.10e-01 6.79e-02 4.18e-02 2.57e-02 1.59e-02 9.77e-03 6.02e-03 3.71e-03 2.28e-03 1.41e-03 8.66e-04 5.33e-04 3.28e-04 2.02e-04 1.25e-04 7.67e-05 4.73e-05 2.91e-05 1.79e-05 1.10e-05 6.80e-06 4.19e-06 2.58e-06 1.59e-06 9.79e-07 6.03e-07 3.71e-07 2.29e-07 1.41e-07 8.67e-08 5.34e-08 3.29e-08 2.03e-08 1.25e-08 7.69e-09 4.74e-09 2.92e-09 1.80e-09 1.11e-09 6.81e-10 4.20e-10 2.58e-10 1.59e-10 9.81e-11 6.04e-11 3.72e-11 2.29e-11 1.41e-11 8.69e-12 5.35e-12 3.30e-12 2.03e-12 1.25e-12 7.70e-13 4.74e-13 2.92e-13 1.80e-13 1.11e-13 6.83e-14 4.20e-14 2.59e-14 1.60e-14 9.82e-15 6.05e-15 3.73e-15 2.30e-15 1.41e-15 8.71e-16 5.36e-16 3.30e-16 2.03e-16 1.25e-16 7.72e-17 4.75e-17 2.93e-17 1.80e-17 1.11e-17 6.84e-18 4.21e-18 2.59e-18 1.60e-18 9.84e-19 6.06e-19 3.73e-19 2.30e-19 1.41e-19 8.66e-20 5.26e-20 3.13e-20 1.75e-20 7.79e-21 3.25e-20
1.09e-01 2.62e-02 5.86e-02 1.05e-01 1.77e-01 2.90e-01 -5.26e-01 2.92e-01 1.80e-01 1.11e-01 6.82e-02 4.20e-02 2.59e-02 1.59e-02 9.82e-03 6.05e-03 3.72e-03 2.29e-03 1.41e-03 8.70e-04 5.36e-04 3.30e-04 2.03e-04 1.25e-04 7.71e-05 4.75e-05 2.92e-05 1.80e-05 1.11e-05 6.83e-06 4.21e-06 2.59e-06 1.60e-06 9.83e-07 6.06e-07 3.73e-07 2.30e-07 1.42e-07 8.72e-08 5.37e-08 3.31e-08 2.04e-08 1.25e-08 7.73e-09 4.76e-09 2.93e-09 1.81e-09 1.11e-09 6.85e-10 4.22e-10 2.60e-10 1.60e-10 9.85e-11 6.07e-11 3.74e-11 2.30e-11 1.42e-11 8.73e-12 5.38e-12 3.31e-12 2.04e-12 1.26e-12 7.74e-13 4.77e-13 2.94e-13 1.81e-13 1.11e-13 6.86e-14 4.23e-14 2.60e-14 1.60e-14 9.87e-15 6.08e-15 3.75e-15 2.31e-15 1.42e-15 8.75e-16 5.39e-16 3.32e-16 2.04e-16 1.26e-16 7.76e-17 4.78e-17 2.94e-17 1.81e-17 1.12e-17 6.87e-18 4.23e-18 2.61e-18 1.61e-18 9.89e-19 6.09e-19 3.75e-19 2.30e-19 1.41e-19 8.59e-20 5.11e-20 2.85e-20 1.27e-20 5.31e-20
6.72e-02 1.61e-02 3.61e-02 6.47e-02 1.09e-01 1.79e-01 2.92e-01 -5.25e-01 2.92e-01 1.80e-01 1.11e-01 6.83e-02 4.21e-02 2.59e-02 1.60e-02 9.83e-03 6.06e-03 3.73e-03 2.30e-03 1.42e-03 8.72e-04 5.37e-04 3.31e-04 2.04e-04 1.25e-04 7.72e-05 4.76e-05 2.93e-05 1.80e-05 1.11e-05 6.85e-06 4.22e-06 2.60e-06 1.60e-06 9.85e-07 6.07e-07 3.74e-07 2.30e-07 1.42e-07 8.73e-08 5.38e-08 3.31e-08 2.04e-08 1.26e-08 7.74e-09 4.77e-09 2.94e-09 1.81e-09 1.11e-09 6.86e-10 4.23e-10 2.60e-10 1.60e-10 9.87e-11 6.08e-11 3.74e-11 2.31e-11 1.42e-11 8.75e-12 5.39e-12 3.32e-12 2.04e-12 1.26e-12 7.76e-13 4.78e-13 2.94e-13 1.81e-13 1.12e-13 6.87e-14 4.23e-14 2.61e-14 1.61e-14 9.89e-15 6.09e-15 3.75e-15 2.31e-15 1.42e-15 8.77e-16 5.40e-16 3.33e-16 2.05e-16 1.26e-16 7.77e-17 4.79e-17 2.95e-17 1.82e-17 1.12e-17 6.89e-18 4.24e-18 2.61e-18 1.61e-18 9.91e-19 6.10e-19 3.75e-19 2.30e-19 1.40e-19 8.30e-20 4.63e-20 2.07e-20 8.63e-20
4.14e-02 9.92e-03 2.22e-02 3.98e-02 6.70e-02 1.10e-01 1.80e-01 2.92e-01 -5.25e-01 2.93e-01 1.80e-01 1.11e-01 6.84e-02 4.21e-02 2.59e-02 1.60e-02 9.84e-03 6.06e-03 3.73e-03 2.30e-03 1.42e-03 8.72e-04 5.37e-04 3.31e-04 2.04e-04 1.26e-04 7.73e-05 4.76e-05 2.93e-05 1.81e-05 1.11e-05 6.85e-06 4.22e-06 2.60e-06 1.60e-06 9.86e-07 6.07e-07 3.74e-07 2.30e-07 1.42e-07 8.74e-08 5.38e-08 3.32e-08 2.04e-08 1.26e-08 7.75e-09 4.77e-09 2.94e-09 1.81e-09 1.11e-09 6.86e-10 4.23e-10 2.60e-10 1.60e-10 9.88e-11 6.08e-11 3.75e-11 2.31e-11 1.42e-11 8.76e-12 5.39e-12 3.32e-12 2.05e-12 1.26e-12 7.76e-13 4.78e-13 2.94e-13 1.81e-13 1.12e-13 6.88e-14 4.24e-14 2.61e-14 1.61e-14 9.90e-15 6.10e-15 3.75e-15 2.31e-15 1.42e-15 8.77e-16 5.40e-16 3.33e-16 2.05e-16 1.26e-16 7.78e-17 4.79e-17 2.95e-17 1.82e-17 1.12e-17 6.89e-18 4.24e-18 2.61e-18 1.61e-18 9.91e-19 6.09e-19 3.73e-19 2.27e-19 1.35e-19 7.53e-20 3.36e-20 1.40e-19
2.55e-02 6.11e-03 1.37e-02 2.45e-02 4.13e-02 6.79e-02 1.11e-01 1.80e-01 2.93e-01 -5.25e-01 2.93e-01 1.80e-01 1.11e-01 6.84e-02 4.21e-02 2.59e-02 1.60e-02 9.84e-03 6.06e-03 3.73e-03 2.30e-03 1.42e-03 8.72e-04 5.37e-04 3.31e-04 2.04e-04 1.26e-04 7.73e-05 4.76e-05 2.93e-05 1.81e-05 1.11e-05 6.85e-06 4.22e-06 2.60e-06 1.60e-06 9.86e-07 6.07e-07 3.74e-07 2.30e-07 1.42e-07 8.74e-08 5.38e-08 3.32e-08 2.04e-08 1.26e-08 7.75e-09 4.77e-09 2.94e-09 1.81e-09 1.11e-09 6.87e-10 4.23e-10 2.60e-10 1.60e-10 9.88e-11 6.09e-11 3.75e-11 2.31e-11 1.42e-11 8.76e-12 5.39e-12 3.32e-12 2.05e-12 1.26e-12 7.76e-13 4.78e-13 2.94e-13 1.81e-13 1.12e-13 6.88e-14 4.24e-14 2.61e-14 1.61e-14 9.90e-15 6.10e-15 3.76e-15 2.31e-15 1.42e-15 8.78e-16 5.40e-16 3.33e-16 2.05e-16 1.26e-16 7.78e-17 4.79e-17 2.95e-17 1.82e-17 1.12e-17 6.89e-18 4.25e-18 2.61e-18 1.61e-18 9.89e-19 6.06e-19 3.69e-19 2.19e-19 1.22e-19 5.46e-20 2.28e-19
1.57e-02 3.76e-03 8.43e-03 1.51e-02 2.54e-02 4.18e-02 6.82e-02 1.11e-01 1.80e-01 2.93e-01 -5.25e-01 2.93e-01 1.80e-01 1.11e-01 6.84e-02 4.21e-02 2.59e-02 1.60e-02 9.84e-03 6.06e-03 3.73e-03 2.30e-03 1.42e-03 8.72e-04 5.37e-04 3.31e-04 2.04e-04 1.26e-04 7.73e-05 4.76e-05 2.93e-05 1.81e-05 1.11e-05 6.85e-06 4.22e-06 2.60e-06 1.60e-06 9.86e-07 6.07e-07 3.74e-07 2.30e-07 1.42e-07 8.74e-08 5.38e-08 3.32e-08 2.04e-08 1.26e-08 7.75e-09 4.77e-09 2.94e-09 1.81e-09 1.12e-09 6.87e-10 4.23e-10 2.61e-10 1.60e-10 9.88e-11 6.09e-11 3.75e-11 2.31e-11 1.42e-11 8.76e-12 5.39e-12 3.32e-12 2.05e-12 1.26e-12 7.76e-13 4.78e-13 2.95e-13 1.81e-13 1.12e-13 6.88e-14 4.24e-14 2.61e-14 1.61e-14 9.90e-15 6.10e-15 3.76e-15 2.31e-15 1.42e-15 8.78e-16 5.41e-16 3.33e-16 2.05e-16 1.26e-16 7.78e-17 4.79e-17 2.95e-17 1.82e-17 1.12e-17 6.89e-18 4.24e-18 2.61e-18 1.61e-18 9.84e-19 5.98e-19 3.56e-19 1.98e-19 8.86e-20 3.70e-19
9.68e-03 2.32e-03 5.19e-03 9.31e-03 1.57e-02 2.57e-02 4.20e-02 6.83e-02 1.11e-01 1.80e-01 2.93e-01 -5.25e-01 2.93e-01 1.80e-01 1.11e-01 6.84e-02 4.21e-02 2.60e-02 1.60e-02 9.84e-03 6.06e-03 3.73e-03 2.30e-03 1.42e-03 8.73e-04 5.37e-04 3.31e-04 2.04e-04 1.26e-04 7.73e-05 4.76e-05 2.93e-05 1.81e-05 1.11e-05 6.85e-06 4.22e-06 2.60e-06 1.60e-06 9.86e-07 6.08e-07 3.74e-07 2.30e-07 1.42e-07 8.74e-08 5.38e-08 3.32e-08 2.04e-08 1.26e-08 7.75e-09 4.77e-09 2.94e-09 1.81e-09 1.12e-09 6.87e-10 4.23e-10 2.61e-10 1.60e-10 9.88e-11 6.09e-11 3.75e-11 2.31e-11 1.42e-11 8.76e-12 5.40e-12 3.32e-12 2.05e-12 1.26e-12 7.76e-13 4.78e-13 2.95e-13 1.81e-13 1.12e-13 6.88e-14 4.24e-14 2.61e-14 1.61e-14 9.90e-15 6.10e-15 3.76e-15 2.31e-15 1.42e-15 8.78e-16 5.41e-16 3.33e-16 2.05e-16 1.26e-16 7.78e-17 4.79e-17 2.95e-17 1.82e-17 1.12e-17 6.89e-18 4.24e-18 2.61e-18 1.60e-18 9.72e-19 5.78e-19 3.22e-19 1.44e-19 6.01e-19
5.96e-03 1.43e-03 3.20e-03 5.73e-03 9.64e-03 1.59e-02 2.59e-02 4.21e-02 6.84e-02 1.11e-01 1.80e-01 2.93e-01 -5.25e-01 2.93e-01 1.80e-01 1.11e-01 6.84e-02 4.21e-02 2.60e-02 1.60e-02 9.84e-03 6.06e-03 3.73e-03 2.30e-03 1.42e-03 8.73e-04 5.37e-04 3.31e-04 2.04e-04 1.26e-04 7.73e-05 4.76e-05 2.93e-05 1.81e-05 1.11e-05 6.85e-06 4.22e-06 2.60e-06 1.60e-06 9.86e-07 6.08e-07 3.74e-07 2.30e-07 1.42e-07 8.74e-08 5.38e-08 3.32e-08 2.04e-08 1.26e-08 7.75e-09 4.77e-09 2.94e-09 1.81e-09 1.12e-09 6.87e-10 4.23e-10 2.61e-10 1.60e-10 9.88e-11 6.09e-11 3.75e-11 2.31e-11 1.42e-11 8.76e-12 5.40e-12 3.32e-12 2.05e-12 1.26e-12 7.76e-13 4.78e-13 2.95e-13 1.81e-13 1.12e-13 6.88e-14 4.24e-14 2.61e-14 1.61e-14 9.90e-15 6.10e-15 3.76e-15 2.31e-15 1.43e-15 8.78e-16 5.41e-16 3.33e-16 2.05e-16 1.26e-16 7.78e-17 4.79e-17 2.95e-17 1.82e-17 1.12e-17 6.89e-18 4.23e-18 2.59e-18 1.58e-18 9.38e-19 5.23e-19 2.34e-19 9.75e-19
3.67e-03 8.79e-04 1.97e-03 3.53e-03 5.94e-03 9.77e-03 1.59e-02 2.59e-02 4.21e-02 6.84e-02 1.11e-01 1.80e-01 2.93e-01 -5.25e-01 2.93e-01 1.80e-01 1.11e-01 6.84e-02 4.21e-02 2.60e-02 1.60e-02 9.84e-03 6.06e-03 3.73e-03 2.30e-03 1.42e-03 8.73e-04 5.37e-04 3.31e-04 2.04e-04 1.26e-04 7.73e-05 4.76e-05 2.93e-05 1.81e-05 1.11e-05 6.85e-06 4.22e-06 2.60e-06 1.60e-06 9.86e-07 6.08e-07 3.74e-07 2.30e-07 1.42e-07 8.74e-08 5.38e-08 3.32e-08 2.04e-08 1.26e-08 7.75e-09 4.77e-09 2.94e-09 1.81e-09 1.12e-09 6.87e-10 4.23e-10 2.61e-10 1.60e-10 9.88e-11 6.09e-11 3.75e-11 2.31e-11 1.42e-11 8.76e-12 5.40e-12 3.32e-12 2.05e-12 1.26e-12 7.76e-13 4.78e-13 2.95e-13 1.81e-13 1.12e-13 6.88e-14 4.24e-14 2.61e-14 1.61e-14 9.90e-15 6.10e-15 3.76e-15 2.31e-15 1.43e-15 8.78e-16 5.41e-16 3.33e-16 2.05e-16 1.26e-16 7.78e-17 4.79e-17 2.95e-17 1.82e-17 1.12e-17 6.87e-18 4.21e-18 2.56e-18 1.52e-18 8.49e-19 3.79e-19 1.58e-18
2.26e-03 5.42e-04 1.21e-03 2.17e-03 3.66e-03 6.02e-03 9.82e-03 1.60e-02 2.59e-02 4.21e-02 6.84e-02 1.11e-01 1.80e-01 2.93e-01 -5.25e-01 2.93e-01 1.80e-01 1.11e-01 6.84e-02 4.21e-02 2.60e-02 1.60e-02 9.84e-03 6.06e-03 3.73e-03 2.30e-03 1.42e-03 8.73e-04 5.37e-04 3.31e-04 2.04e-04 1.26e-04 7.73e-05 4.76e-05 2.93e-05 1.81e-05 1.11e-05 6.85e-06 4.22e-06 2.60e-06 1.60e-06 9.86e-07 6.08e-07 3.74e-07 2.30e-07 1.42e-07 8.74e-08 5.38e-08 3.32e-08 2.04e-08 1.26e-08 7.75e-09 4.77e-09 2.94e-09 1.81e-09 1.12e-09 6.87e-10 4.23e-10 2.61e-10 1.60e-10 9.88e-11 6.09e-11 3.75e-11 2.31e-11 1.42e-11 8.76e-12 5.40e-12 3.32e-12 2.05e-12 1.26e-12 7.76e-13 4.78e-13 2.95e-13 1.81e-13 1.12e-13 6.88e-14 4.24e-14 2.61e-14 1.61e-14 9.90e-15 6.10e-15 3.76e-15 2.31e-15 1.43e-15 8.78e-16 5.41e-16 3.33e-16 2.05e-16 1.26e-16 7.78e-17 4.79e-17 2.95e-17 1.82e-17 1.12e-17 6.84e-18 4.16e-18 2.47e-18 1.38e-18 6.16e-19 2.57e-18
1.39e-03 3.34e-04 7.47e-04 1.34e-03 2.25e-03 3.71e-03 6.05e-03 9.83e-03 1.60e-02 2.59e-02 4.21e-02 6.84e-02 1.11e-01 1.80e-01 2.93e-01 -5.25e-01 2.93e-01 1.80e-01 1.11e-01 6.84e-02 4.21e-02 2.60e-02 1.60e-02 9.84e-03 6.06e-03 3.73e-03 2.30e-03 1.42e-03 8.73e-04 5.37e-04 3.31e-04 2.04e-04 1.26e-04 7.73e-05 4.76e-05 2.93e-05 1.81e-05 1.11e-05 6.85e-06 4.22e-06 2.60e-06 1.60e-06 9.86e-07 6.08e-07 3.74e-07 2.30e-07 1.42e-07 8.74e-08 5.38e-08 3.32e-08 2.04e-08 1.26e-08 7.75e-09 4.77e-09 2.94e-09 1.81e-09 1.12e-09 6.87e-10 4.23e-10 2.61e-10 1.60e-10 9.88e-11 6.09e-11 3.75e-11 2.31e-11 1.42e-11 8.76e-12 5.40e-12 3.32e-12 2.05e-12 1.26e-12 7.76e-13 4.78e-13 2.95e-13 1.81e-13 1.12e-13 6.88e-14 4.24e-14 2.61e-14 1.61e-14 9.90e-15 6.10e-15 3.76e-15 2.31e-15 1.43e-15 8.78e-16 5.41e-16 3.33e-16 2.05e-16 1.26e-16 7.78e-17 4.79e-17 2.95e-17 1.81e-17 1.11e-17 6.75e-18 4.01e-18 2.24e-18 1.00e-18 4.17e-18
8.58e-04 2.05e-04 4.60e-04 8.25e-04 1.39e-03 2.28e-03 3.72e-03 6.06e-03 9.84e-03 1.60e-02 2.59e-02 4.21e-02 6.84e-02 1.11e-01 1.80e-01 2.93e-01 -5.25e-01 2.93e-01 1.80e-01 1.11e-01 6.84e-02 4.21e-02 2.60e-02 1.60e-02 9.84e-03 6.06e-03 3.73e-03 2.30e-03 1.42e-03 8.73e-04 5.37e-04 3.31e-04 2.04e-04 1.26e-04 7.73e-05 4.76e-05 2.93e-05 1.81e-05 1.11e-05 6.85e-06 4.22e-06 2.60e-06 1.60e-06 9.86e-07 6.08e-07 3.74e-07 2.30e-07 1.42e-07 8.74e-08 5.38e-08 3.32e-08 2.04e-08 1.26e-08 7.75e-09 4.77e-09 2.94e-09 1.81e-09 1.12e-09 6.87e-10 4.23e-10 2.61e-10 1.60e-10 9.88e-11 6.09e-11 3.75e-11 2.31e-11 1.42e-11 8.76e-12 5.40e-12 3.32e-12 2.05e-12 1.26e-12 7.76e-13 4.78e-13 2.95e-13 1.81e-13 1.12e-13 6.88e-14 4.24e-14 2.61e-14 1.61e-14 9.90e-15 6.10e-15 3.76e-15 2.31e-15 1.43e-15 8.78e-16 5.41e-16 3.33e-16 2.05e-16 1.26e-16 7.78e-17 4.79e-17 2.94e-17 1.80e-17 1.10e-17 6.52e-18 3.64e-18 1.62e-18 6.78e-18
5.28e-04 1.27e-04 2.83e-04 5.08e-04 8.54e-04 1.41e-03 2.29e-03 3.73e-03 6.06e-03 9.84e-03 1.60e-02 2.60e-02 4.21e-02 6.84e-02 1.11e-01 1.80e-01 2.93e-01 -5.25e-01 2.93e-01 1.80e-01 1.11e-01 6.84e-02 4.21e-02 2.60e-02 1.60e-02 9.84e-03 6.06e-03 3.73e-03 2.30e-03 1.42e-03 8.73e-04 5.37e-04 3.31e-04 2.04e-04 1.26e-04 7.73e-05 4.76e-05 2.93e-05 1.81e-05 1.11e-05 6.85e-06 4.22e-06 2.60e-06 1.60e-06 9.86e-07 6.08e-07 3.74e-07 2.30e-07 1.42e-07 8.74e-08 5.38e-08 3.32e-08 2.04e-08 1.26e-08 7.75e-09 4.77e-09 2.94e-09 1.81e-09 1.12e-09 6.87e-10 4.23e-10 2.61e-10 1.60e-10 9.88e-11 6.09e-11 3.75e-11 2.31e-11 1.42e-11 8.76e-12 5.40e-12 3.32e-12 2.05e-12 1.26e-12 7.76e-13 4.78e-13 2.95e-13 1.81e-13 1.12e-13 6.88e-14 4.24e-14 2.61e-14 1.61e-14 9.90e-15 6.10e-15 3.76e-15 2.31e-15 1.43e-15 8.78e-16 5.41e-16 3.33e-16 2.05e-16 1.26e-16 7.77e-17 4.78e-17 2.93e-17 1.78e-17 1.06e-17 5.90e-18 2.64e-18 1.10e-17
3.25e-04 7.79e-05 1.75e-04 3.13e-04 5.26e-04 8.66e-04 1.41e-03 2.30e-03 3.73e-03 6.06e-03 9.84e-03 1.60e-02 2.60e-02 4.21e-02 6.84e-02 1.11e-01 1.80e-01 2.93e-01 -5.25e-01 2.93e-01 1.80e-01 1.11e-01 6.84e-02 4.21e-02 2.60e-02 1.60e-02 9.84e-03 6.06e-03 3.73e-03 2.30e-03 1.42e-03 8.73e-04 5.37e-04 3.31e-04 2.04e-04 1.26e-04 7.73e-05 4.76e-05 2.93e-05 1.81e-05 1.11e-05 6.85e-06 4.22e-06 2.60e-06 1.60e-06 9.86e-07 6.08e-07 3.74e-07 2.30e-07 1.42e-07 8.74e-08 5.38e-08 3.32e-08 2.04e-08 1.26e-08 7.75e-09 4.77e-09 2.94e-09 1.81e-09 1.12e-09 6.87e-10 4.23e-10 2.61e-10 1.60e-10 9.88e-11 6.09e-11 3.75e-11 2.31e-11 1.42e-11 8.76e-12 5.40e-12 3.32e-12 2.05e-12 1.26e-12 7.76e-13 4.78e-13 2.95e-13 1.81e-13 1.12e-13 6.88e-14 4.24e-14 2.61e-14 1.61e-14 9.90e-15 6.10e-15 3.76e-15 2.31e-15 1.43e-15 8.78e-16 5.41e-16 3.33e-16 2.05e-16 1.26e-16 7.76e-17 4.75e-17 2.89e-17 1.72e-17 9.58e-18 4.28e-18 1.79e-17
2.00e-04 4.80e-05 1.07e-04 1.93e-04 3.24e-04 5.33e-04 8.70e-04 1.42e-03 2.30e-03 3.73e-03 6.06e-03 9.84e-03 1.60e-02 2.60e-02 4.21e-02 6.84e-02 1.11e-01 1.80e-01 2.93e-01 -5.25e-01 2.93e-01 1.80e-01 1.11e-01 6.84e-02 4.21e-02 2.60e-02 1.60e-02 9.84e-03 6.06e-03 3.73e-03 2.30e-03 1.42e-03 8.73e-04 5.37e-04 3.31e-04 2.04e-04 1.26e-04 7.73e-05 4.76e-05 2.93e-05 1.81e-05 1.11e-05 6.85e-06 4.22e-06 2.60e-06 1.60e-06 9.86e-07 6.08e-07 3.74e-07 2.30e-07 1.42e-07 8.74e-08 5.38e-08 3.32e-08 2.04e-08 1.26e-08 7.75e-09 4.77e-09 2.94e-09 1.81e-09 1.12e-09 6.87e-10 4.23e-10 2.61e-10 1.60e-10 9.88e-11 6.09e-11 3.75e-11 2.31e-11 1.42e-11 8.76e-12 5.40e-12 3.32e-12 2.05e-12 1.26e-12 7.76e-13 4.78e-13 2.95e-13 1.81e-13 1.12e-13 6.88e-14 4.24e-14 2.61e-14 1.61e-14 9.90e-15 6.10e-15 3.76e-15 2.31e-15 1.42e-15 8.78e-16 5.40e-16 3.33e-16 2.05e-16 1.26e-16 7.72e-17 4.69e-17 2.79e-17 1.56e-17 6.95e-18 2.90e-17
1.23e-04 2.96e-05 6.62e-05 1.19e-04 2.00e-04 3.28e-04 5.36e-04 8.72e-04 1.42e-03 2.30e-03 3.73e-03 6.06e-03 9.84e-03 1.60e-02 2.60e-02 4.21e-02 6.84e-02 1.11e-01 1.80e-01 2.93e-01 -5.25e-01 2.93e-01 1.80e-01 1.11e-01 6.84e-02 4.21e-02 2.60e-02 1.60e-02 9.84e-03 6.06e-03 3.73e-03 2.30e-03 1.42e-03 8.73e-04 5.37e-04 3.31e-04 2.04e-04 1.26e-04 7.73e-05 4.76e-05 2.93e-05 1.81e-05 1.11e-05 6.85e-06 4.22e-06 2.60e-06 1.60e-06 9.86e-07 6.08e-07 3.74e-07 2.30e-07 1.42e-07 8.74e-08 5.38e-08 3.32e-08 2.04e-08 1.26e-08 7.75e-09 4.77e-09 2.94e-09 1.81e-09 1.12e-09 6.87e-10 4.23e-10 2.61e-10 1.60e-10 9.88e-11 6.09e-11 3.75e-11 2.31e-11 1.42e-11 8.76e-12 5.40e-12 3.32e-12 2.05e-12 1.26e-12 7.76e-13 4.78e-13 2.95e-13 1.81e-13 1.12e-13 6.88e-14 4.24e-14 2.61e-14 1.61e-14 9.90e-15 6.10e-15 3.76e-15 2.31e-15 1.42e-15 8.78e-16 5.40e-16 3.33e-16 2.04e-16 1.25e-16 7.62e-17 4.53e-17 2.53e-17 1.13e-17 4.71e-17
7.60e-05 1.82e-05 4.08e-05 7.31e-05 1.23e-04 2.02e-04 3.30e-04 5.37e-04 8.72e-04 1.42e-03 2.30e-03 3.73e-03 6.06e-03 9.84e-03 1.60e-02 2.60e-02 4.21e-02 6.84e-02 1.11e-01 1.80e-01 2.93e-01 -5.25e-01 2.93e-01 1.80e-01 1.11e-01 6.84e-02 4.21e-02 2.60e-02 1.60e-02 9.84e-03 6.06e-03 3.73e-03 2.30e-03 1.42e-03 8.73e-04 5.37e-04 3.31e-04 2.04e-04 1.26e-04 7.73e-05 4.76e-05 2.93e-05 1.81e-05 1.11e-05 6.85e-06 4.22e-06 2.60e-06 1.60e-06 9.86e-07 6.08e-07 3.74e-07 2.30e-07 1.42e-07 8.74e-08 5.38e-08 3.32e-08 2.04e-08 1.26e-08 7.75e-09 4.77e-09 2.94e-09 1.81e-09 1.12e-09 6.87e-10 4.23e-10 2.61e-10 1.60e-10 9.88e-11 6.09e-11 3.75e-11 2.31e-11 1.42e-11 8.76e-12 5.40e-12 3.32e-12 2.05e-12 1.26e-12 7.76e-13 4.78e-13 2.95e-13 1.81e-13 1.12e-13 6.88e-14 4.24e-14 2.61e-14 1.61e-14 9.90e-15 6.10e-15 3.76e-15 2.31e-15 1.42e-15 8.77e-16 5.40e-16 3.32e-16 2.03e-16 1.24e-16 7.35e-17 4.10e-17 1.83e-17 7.65e-17
4.68e-05 1.12e-05 2.51e-05 4.50e-05 7.57e-05 1.25e-04 2.03e-04 3.31e-04 5.37e-04 8.72e-04 1.42e-03 2.30e-03 3.73e-03 6.06e-03 9.84e-03 1.60e-02 2.60e-02 4.21e-02 6.84e-02 1.11e-01 1.80e-01 2.93e-01 -5.25e-01 2.93e-01 1.80e-01 1.11e-01 6.84e-02 4.21e-02 2.60e-02 1.60e-02 9.84e-03 6.06e-03 3.73e-03 2.30e-03 1.42e-03 8.73e-04 5.37e-04 3.31e-04 2.04e-04 1.26e-04 7.73e-05 4.76e-05 2.93e-05 1.81e-05 1.11e-05 6.85e-06 4.22e-06 2.60e-06 1.60e-06 9.86e-07 6.08e-07 3.74e-07 2.30e-07 1.42e-07 8.74e-08 5.38e-08 3.32e-08 2.04e-08 1.26e-08 7.75e-09 4.77e-09 2.94e-09 1.81e-09 1.12e-09 6.87e-10 4.23e-10 2.61e-10 1.60e-10 9.88e-11 6.09e-11 3.75e-11 2.31e-11 1.42e-11 8.76e-12 5.40e-12 3.32e-12 2.05e-12 1.26e-12 7.76e-13 4.78e-13 2.95e-13 1.81e-13 1.12e-13 6.88e-14 4.24e-14 2.61e-14 1.61e-14 9.90e-15 6.10e-15 3.76e-15 2.31e-15 1.42e-15 8.77e-16 5.39e-16 3.30e-16 2.01e-16 1.19e-16 6.66e-17 2.97e-17 1.24e-16
2.88e-05 6.91e-06 1.55e-05 2.77e-05 4.66e-05 7.67e-05 1.25e-04 2.04e-04 3.31e-04 5.37e-04 8.72e-04 1.42e-03 2.30e-03 3.73e-03 6.06e-03 9.84e-03 1.60e-02 2.60e-02 4.21e-02 6.84e-02 1.11e-01 1.80e-01 2.93e-01 -5.25e-01 2.93e-01 1.80e-01 1.11e-01 6.84e-02 4.21e-02 2.60e-02 1.60e-02 9.84e-03 6.06e-03 3.73e-03 2.30e-03 1.42e-03 8.73e-04 5.37e-04 3.31e-04 2.04e-04 1.26e-04 7.73e-05 4.76e-05 2.93e-05 1.81e-05 1.11e-05 6.85e-06 4.22e-06 2.60e-06 1.60e-06 9.86e-07 6.08e-07 3.74e-07 2.30e-07 1.42e-07 8.74e-08 5.38e-08 3.32e-08 2.04e-08 1.26e-08 7.75e-09 4.77e-09 2.94e-09 1.81e-09 1.12e-09 6.87e-10 4.23e-10 2.61e-10 1.60e-10 9.88e-11 6.09e-11 3.75e-11 2.31e-11 1.42e-11 8.76e-12 5.40e-12 3.32e-12 2.05e-12 1.26e-12 7.76e-13 4.78e-13 2.95e-13 1.81e-13 1.12e-13 6.88e-14 4.24e-14 2.61e-14 1.61e-14 9.90e-15 6.10e-15 3.76e-15 2.31e-15 1.42e-15 8.75e-16 5.36e-16 3.26e-16 1.94e-16 1.08e-16 4.83e-17 2.02e-16
1.78e-05 4.25e-06 9.53e-06 1.71e-05 2.87e-05 4.73e-05 7.71e-05 1.25e-04 2.04e-04 3.31e-04 5.37e-04 8.73e-04 1.42e-03 2.30e-03 3.73e-03 6.06e-03 9.84e-03 1.60e-02 2.60e-02 4.21e-02 6.84e-02 1.11e-01 1.80e-01 2.93e-01 -5.25e-01 2.93e-01 1.80e-01 1.11e-01 6.84e-02 4.21e-02 2.60e-02 1.60e-02 9.84e-03 6.06e-03 3.73e-03 2.30e-03 1.42e-03 8.73e-04 5.37e-04 3.31e-04 2.04e-04 1.26e-04 7.73e-05 4.76e-05 2.93e-05 1.81e-05 1.11e-05 6.85e-06 4.22e-06 2.60e-06 1.60e-06 9.86e-07 6.08e-07 3.74e-07 2.30e-07 1.42e-07 8.74e-08 5.38e-08 3.32e-08 2.04e-08 1.26e-08 7.75e-09 4.77e-09 2.94e-09 1.81e-09 1.12e-09 6.87e-10 4.23e-10 2.61e-10 1.60e-10 9.88e-11 6.09e-11 3.75e-11 2.31e-11 1.42e-11 8.76e-12 5.40e-12 3.32e-12 2.05e-12 1.26e-12 7.76e-13 4.78e-13 2.95e-13 1.81e-13 1.12e-13 6.88e-14 4.24e-14 2.61e-14 1.61e-14 9.90e-15 6.10e-15 3.75e-15 2.31e-15 1.42e-15 8.71e-16 5.29e-16 3.15e-16 1.76e-16 7.84e-17 3.27e-16
1.09e-05 2.62e-06 5.87e-06 1.05e-05 1.77e-05 2.91e-05 4.75e-05 7.72e-05 1.26e-04 2.04e-04 3.31e-04 5.37e-04 8.73e-04 1.42e-03 2.30e-03 3.73e-03 6.06e-03 9.84e-03 1.60e-02 2.60e-02 4.21e-02 6.84e-02 1.11e-01 1.80e-01 2.93e-01 -5.25e-01 2.93e-01 1.80e-01 1.11e-01 6.84e-02 4.21e-02 2.60e-02 1.60e-02 9.84e-03 6.06e-03 3.73e-03 2.30e-03 1.42e-03 8.73e-04 5.37e-04 3.31e-04 2.04e-04 1.26e-04 7.73e-05 4.76e-05 2.93e-05 1.81e-05 1.11e-05 6.85e-06 4.22e-06 2.60e-06 1.60e-06 9.86e-07 6.08e-07 3.74e-07 2.30e-07 1.42e-07 8.74e-08 5.38e-08 3.32e-08 2.04e-08 1.26e-08 7.75e-09 4.77e-09 2.94e-09 1.81e-09 1.12e-09 6.87e-10 4.23e-10 2.61e-10 1.60e-10 9.88e-11 6.09e-11 3.75e-11 2.31e-11 1.42e-11 8.76e-12 5.40e-12 3.32e-12 2.05e-12 1.26e-12 7.76e-13 4.78e-13 2.95e-13 1.81e-13 1.12e-13 6.88e-14 4.24e-14 2.61e-14 1.61e-14 9.90e-15 6.10e-15 3.75e-15 2.31e-15 1.41e-15 8.60e-16 5.11e-16 2.85e-16 1.27e-16 5.31e-16
6.74e-06 1.61e-06 3.61e-06 6.48e-06 1.09e-05 1.79e-05 2.92e-05 4.76e-05 7.73e-05 1.26e-04 2.04e-04 3.31e-04 5.37e-04 8.73e-04 1.42e-03 2.30e-03 3.73e-03 6.06e-03 9.84e-03 1.60e-02 2.60e-02 4.21e-02 6.84e-02 1.11e-01 1.80e-01 2.93e-01 -5.25e-01 2.93e-01 1.80e-01 1.11e-01 6.84e-02 4.21e-02 2.60e-02 1.60e-02 9.84e-03 6.06e-03 3.73e-03 2.30e-03 1.42e-03 8.73e-04 5.37e-04 3.31e-04 2.04e-04 1.26e-04 7.73e-05 4.76e-05 2.93e-05 1.81e-05 1.11e-05 6.85e-06 4.22e-06 2.60e-06 1.60e-06 9.86e-07 6.08e-07 3.74e-07 2.30e-07 1.42e-07 8.74e-08 5.38e-08 3.32e-08 2.04e-08 1.26e-08 7.75e-09 4.77e-09 2.94e-09 1.81e-09 1.12e-09 6.87e-10 4.23e-10 2.61e-10 1.60e-10 9.88e-11 6.09e-11 3.75e-11 2.31e-11 1.42e-11 8.76e-12 5.40e-12 3.32e-12 2.05e-12 1.26e-12 7.76e-13 4.78e-13 2.95e-13 1.81e-13 1.12e-13 6.88e-14 4.24e-14 2.61e-14 1.61e-14 9.90e-15 6.09e-15 3.75e-15 2.30e-15 1.40e-15 8.30e-16 4.63e-16 2.07e-16 8.63e-16
4.15e-06 9.94e-07 2.23e-06 3.99e-06 6.71e-06 1.10e-05 1.80e-05 2.93e-05 4.76e-05 7.73e-05 1.26e-04 2.04e-04 3.31e-04 5.37e-04 8.73e-04 1.42e-03 2.30e-03 3.73e-03 6.06e-03 9.84e-03 1.60e-02 2.60e-02 4.21e-02 6.84e-02 1.11e-01 1.80e-01 2.93e-01 -5.25e-01 2.93e-01 1.80e-01 1.11e-01 6.84e-02 4.21e-02 2.60e-02 1.60e-02 9.84e-03 6.06e-03 3.73e-03 2.30e-03 1.42e-03 8.73e-04 5.37e-04 3.31e-04 2.04e-04 1.26e-04 7.73e-05 4.76e-05 2.93e-05 1.81e-05 1.11e-05 6.85e-06 4.22e-06 2.60e-06 1.60e-06 9.86e-07 6.08e-07 3.74e-07 2.30e-07 1.42e-07 8.74e-08 5.38e-08 3.32e-08 2.04e-08 1.26e-08 7.75e-09 4.77e-09 2.94e-09 1.81e-09 1.12e-09 6.87e-10 4.23e-10 2.61e-10 1.60e-10 9.88e-11 6.09e-11 3.75e-11 2.31e-11 1.42e-11 8.76e-12 5.40e-12 3.32e-12 2.05e-12 1.26e-12 7.76e-13 4.78e-13 2.95e-13 1.81e-13 1.12e-13 6.88e-14 4.24e-14 2.61e-14 1.61e-14 9.89e-15 6.08e-15 3.73e-15 2.27e-15 1.35e-15 7.51e-16 3.36e-16 1.40e-15
2.56e-06 6.12e-07 1.37e-06 2.46e-06 4.13e-06 6.80e-06 1.11e-05 1.80e-05 2.93e-05 4.76e-05 7.73e-05 1.26e-04 2.04e-04 3.31e-04 5.37e-04 8.73e-04 1.42e-03 2.30e-03 3.73e-03 6.06e-03 9.84e-03 1.60e-02 2.60e-02 4.21e-02 6.84e-02 1.11e-01 1.80e-01 2.93e-01 -5.25e-01 2.93e-01 1.80e-01 1.11e-01 6.84e-02 4.21e-02 2.60e-02 1.60e-02 9.84e-03 6.06e-03 3.73e-03 2.30e-03 1.42e-03 8.73e-04 5.37e-04 3.31e-04 2.04e-04 1.26e-04 7.73e-05 4.76e-05 2.93e-05 1.81e-05 1.11e-05 6.85e-06 4.22e-06 2.60e-06 1.60e-06 9.86e-07 6.08e-07 3.74e-07 2.30e-07 1.42e-07 8.74e-08 5.38e-08 3.32e-08 2.04e-08 1.26e-08 7.75e-09 4.77e-09 2.94e-09 1.81e-09 1.12e-09 6.87e-10 4.23e-10 2.61e-10 1.60e-10 9.88e-11 6.09e-11 3.75e-11 2.31e-11 1.42e-11 8.76e-12 5.40e-12 3.32e-12 2.05e-12 1.26e-12 7.76e-13 4.78e-13 2.95e-13 1.81e-13 1.12e-13 6.88e-14 4.24e-14 2.61e-14 1.61e-14 9.87e-15 6.05e-15 3.68e-15 2.19e-15 1.22e-15 5.45e-16 2.27e-15
1.57e-06 3.77e-07 8.44e-07 1.51e-06 2.55e-06 4.19e-06 6.83e-06 1.11e-05 1.81e-05 2.93e-05 4.76e-05 7.73e-05 1.26e-04 2.04e-04 3.31e-04 5.37e-04 8.73e-04 1.42e-03 2.30e-03 3.73e-03 6.06e-03 9.84e-03 1.60e-02 2.60e-02 4.21e-02 6.84e-02 1.11e-01 1.80e-01 2.93e-01 -5.25e-01 2.93e-01 1.80e-01 1.11e-01 6.84e-02 4.21e-02 2.60e-02 1.60e-02 9.84e-03 6.06e-03 3.73e-03 2.30e-03 1.42e-03 8.73e-04 5.37e-04 3.31e-04 2.04e-04 1.26e-04 7.73e-05 4.76e-05 2.93e-05 1.81e-05 1.11e-05 6.85e-06 4.22e-06 2.60e-06 1.60e-06 9.86e-07 6.08e-07 3.74e-07 2.30e-07 1.42e-07 8.74e-08 5.38e-08 3.32e-08 2.04e-08 1.26e-08 7.75e-09 4.77e-09 2.94e-09 1.81e-09 1.12e-09 6.87e-10 4.23e-10 2.61e-10 1.60e-10 9.88e-11 6.09e-11 3.75e-11 2.31e-11 1.42e-11 8.76e-12 5.40e-12 3.32e-12 2.05e-12 1.26e-12 7.76e-13 4.78e-13 2.95e-13 1.81e-13 1.12e-13 6.88e-14 4.24e-14 2.61e-14 1.60e-14 9.82e-15 5.97e-15 3.55e-15 1.98e-15 8.84e-16 3.69e-15
9.70e-07 2.32e-07 5.20e-07 9.33e-07 1.57e-06 2.58e-06 4.21e-06 6.85e-06 1.11e-05 1.81e-05 2.93e-05 4.76e-05 7.73e-05 1.26e-04 2.04e-04 3.31e-04 5.37e-04 8.73e-04 1.42e-03 2.30e-03 3.73e-03 6.06e-03 9.84e-03 1.60e-02 2.60e-02 4.21e-02 6.84e-02 1.11e-01 1.80e-01 2.93e-01 -5.25e-01 2.93e-01 1.80e-01 1.11e-01 6.84e-02 4.21e-02 2.60e-02 1.60e-02 9.84e-03 6.06e-03 3.73e-03 2.30e-03 1.42e-03 8.73e-04 5.37e-04 3.31e-04 2.04e-04 1.26e-04 7.73e-05 4.76e-05 2.93e-05 1.81e-05 1.11e-05 6.85e-06 4.22e-06 2.60e-06 1.60e-06 9.86e-07 6.08e-07 3.74e-07 2.30e-07 1.42e-07 8.74e-08 5.38e-08 3.32e-08 2.04e-08 1.26e-08 7.75e-09 4.77e-09 2.94e-09 1.81e-09 1.12e-09 6.87e-10 4.23e-10 2.61e-10 1.60e-10 9.88e-11 6.09e-11 3.75e-11 2.31e-11 1.42e-11 8.76e-12 5.40e-12 3.32e-12 2.05e-12 1.26e-12 7.76e-13 4.78e-13 2.95e-13 1.81e-13 1.12e-13 6.88e-14 4.23e-14 2.60e-14 1.60e-14 9.70e-15 5.77e-15 3.22e-15 1.44e-15 6.00e-15
5.97e-07 1.43e-07 3.20e-07 5.74e-07 9.66e-07 1.59e-06 2.59e-06 4.22e-06 6.85e-06 1.11e-05 1.81e-05 2.93e-05 4.76e-05 7.73e-05 1.26e-04 2.04e-04 3.31e-04 5.37e-04 8.73e-04 1.42e-03 2.30e-03 3.73e-03 6.06e-03 9.84e-03 1.60e-02 2.60e-02 4.21e-02 6.84e-02 1.11e-01 1.80e-01 2.93e-01 -5.25e-01 2.93e-01 1.80e-01 1.11e-01 6.84e-02 4.21e-02 2.60e-02 1.60e-02 9.84e-03 6.06e-03 3.73e-03 2.30e-03 1.42e-03 8.73e-04 5.37e-04 3.31e-04 2.04e-04 1.26e-04 7.73e-05 4.76e-05 2.93e-05 1.81e-05 1.11e-05 6.85e-06 4.22e-06 2.60e-06 1.60e-06 9.86e-07 6.08e-07 3.74e-07 2.30e-07 1.42e-07 8.74e-08 5.38e-08 3.32e-08 2.04e-08 1.26e-08 7.75e-09 4.77e-09 2.94e-09 1.81e-09 1.12e-09 6.87e-10 4.23e-10 2.61e-10 1.60e-10 9.88e-11 6.09e-11 3.75e-11 2.31e-11 1.42e-11 8.76e-12 5.40e-12 3.32e-12 2.05e-12 1.26e-12 7.76e-13 4.78e-13 2.95e-13 1.81e-13 1.12e-13 6.87e-14 4.23e-14 2.59e-14 1.57e-14 9.36e-15 5.22e-15 2.33e-15 9.73e-15
3.68e-07 8.81e-08 1.97e-07 3.54e-07 5.95e-07 9.79e-07 1.60e-06 2.60e-06 4.22e-06 6.85e-06 1.11e-05 1.81e-05 2.93e-05 4.76e-05 7.73e-05 1.26e-04 2.04e-04 3.31e-04 5.37e-04 8.73e-04 1.42e-03 2.30e-03 3.73e-03 6.06e-03 9.84e-03 1.60e-02 2.60e-02 4.21e-02 6.84e-02 1.11e-01 1.80e-01 2.93e-01 -5.25e-01 2.93e-01 1.80e-01 1.11e-01 6.84e-02 4.21e-02 2.60e-02 1.60e-02 9.84e-03 6.06e-03 3.73e-03 2.30e-03 1.42e-03 8.73e-04 5.37e-04 3.31e-04 2.04e-04 1.26e-04 7.73e-05 4.76e-05 2.93e-05 1.81e-05 1.11e-05 6.85e-06 4.22e-06 2.60e-06 1.60e-06 9.86e-07 6.08e-07 3.74e-07 2.30e-07 1.42e-07 8.74e-08 5.38e-08 3.32e-08 2.04e-08 1.26e-08 7.75e-09 4.77e-09 2.94e-09 1.81e-09 1.12e-09 6.87e-10 4.23e-10 2.61e-10 1.60e-10 9.88e-11 6.09e-11 3.75e-11 2.31e-11 1.42e-11 8.76e-12 5.40e-12 3.32e-12 2.05e-12 1.26e-12 7.76e-13 4.78e-13 2.94e-13 1.81e-13 1.12e-13 6.86e-14 4.20e-14 2.56e-14 1.52e-14 8.48e-15 3.79e-15 1.58e-14
2.27e-07 5.43e-08 1.22e-07 2.18e-07 3.66e-07 6.03e-07 9.83e-07 1.60e-06 2.60e-06 4.22e-06 6.85e-06 1.11e-05 1.81e-05 2.93e-05 4.76e-05 7.73e-05 1.26e-04 2.04e-04 3.31e-04 5.37e-04 8.73e-04 1.42e-03 2.30e-03 3.73e-03 6.06e-03 9.84e-03 1.60e-02 2.60e-02 4.21e-02 6.84e-02 1.11e-01 1.80e-01 2.93e-01 -5.25e-01 2.93e-01 1.80e-01 1.11e-01 6.84e-02 4.21e-02 2.60e-02 1.60e-02 9.84e-03 6.06e-03 3.73e-03 2.30e-03 1.42e-03 8.73e-04 5.37e-04 3.31e-04 2.04e-04 1.26e-04 7.73e-05 4.76e-05 2.93e-05 1.81e-05 1.11e-05 6.85e-06 4.22e-06 2.60e-06 1.60e-06 9.86e-07 6.08e-07 3.74e-07 2.30e-07 1.42e-07 8.74e-08 5.38e-08 3.32e-08 2.04e-08 1.26e-08 7.75e-09 4.77e-09 2.94e-09 1.81e-09 1.12e-09 6.87e-10 4.23e-10 2.61e-10 1.60e-10 9.88e-11 6.09e-11 3.75e-11 2.31e-11 1.42e-11 8.76e-12 5.40e-12 3.32e-12 2.05e-12 1.26e-12 7.76e-13 4.78e-13 2.94e-13 1.81e-13 1.11e-13 6.83e-14 4.15e-14 2.47e-14 1.38e-14 6.15e-15 2.57e-14
1.40e-07 3.34e-08 7.48e-08 1.34e-07 2.26e-07 3.71e-07 6.06e-07 9.85e-07 1.60e-06 2.60e-06 4.22e-06 6.85e-06 1.11e-05 1.81e-05 2.93e-05 4.76e-05 7.73e-05 1.26e-04 2.04e-04 3.31e-04 5.37e-04 8.73e-04 1.42e-03 2.30e-03 3.73e-03 6.06e-03 9.84e-03 1.60e-02 2.60e-02 4.21e-02 6.84e-02 1.11e-01 1.80e-01 2.93e-01 -5.25e-01 2.93e-01 1.80e-01 1.11e-01 6.84e-02 4.21e-02 2.60e-02 1.60e-02 9.84e-03 6.06e-03 3.73e-03 2.30e-03 1.42e-03 8.73e-04 5.37e-04 3.31e-04 2.04e-04 1.26e-04 7.73e-05 4.76e-05 2.93e-05 1.81e-05 1.11e-05 6.85e-06 4.22e-06 2.60e-06 1.60e-06 9.86e-07 6.08e-07 3.74e-07 2.30e-07 1.42e-07 8.74e-08 5.38e-08 3.32e-08 2.04e-08 1.26e-08 7.75e-09 4.77e-09 2.94e-09 1.81e-09 1.12e-09 6.87e-10 4.23e-10 2.61e-10 1.60e-10 9.88e-11 6.09e-11 3.75e-11 2.31e-11 1.42e-11 8.76e-12 5.40e-12 3.32e-12 2.05e-12 1.26e-12 7.76e-13 4.78e-13 2.94e-13 1.81e-13 1.11e-13 6.74e-14 4.01e-14 2.23e-14 9.98e-15 4.17e-14
8.59e-08 2.06e-08 4.61e-08 8.27e-08 1.39e-07 2.29e-07 3.73e-07 6.07e-07 9.86e-07 1.60e-06 2.60e-06 4.22e-06 6.85e-06 1.11e-05 1.81e-05 2.93e-05 4.76e-05 7.73e-05 1.26e-04 2.04e-04 3.31e-04 5.37e-04 8.73e-04 1.42e-03 2.30e-03 3.73e-03 6.06e-03 9.84e-03 1.60e-02 2.60e-02 4.21e-02 6.84e-02 1.11e-01 1.80e-01 2.93e-01 -5.25e-01 2.93e-01 1.80e-01 1.11e-01 6.84e-02 4.21e-02 2.60e-02 1.60e-02 9.84e-03 6.06e-03 3.73e-03 2.30e-03 1.42e-03 8.73e-04 5.37e-04 3.31e-04 2.04e-04 1.26e-04 7.73e-05 4.76e-05 2.93e-05 1.81e-05 1.11e-05 6.85e-06 4.22e-06 2.60e-06 1.60e-06 9.86e-07 6.08e-07 3.74e-07 2.30e-07 1.42e-07 8.74e-08 5.38e-08 3.32e-08 2.04e-08 1.26e-08 7.75e-09 4.77e-09 2.94e-09 1.81e-09 1.12e-09 6.87e-10 4.23e-10 2.61e-10 1.60e-10 9.88e-11 6.09e-11 3.75e-11 2.31e-11 1.42e-11 8.76e-12 5.40e-12 3.32e-12 2.05e-12 1.26e-12 7.76e-13 4.78e-13 2.94e-13 1.80e-13 1.09e-13 6.51e-14 3.63e-14 1.62e-14 6.76e-14
5.29e-08 1.27e-08 2.84e-08 5.09e-08 8.56e-08 1.41e-07 2.30e-07 3.74e-07 6.07e-07 9.86e-07 1.60e-06 2.60e-06 4.22e-06 6.85e-06 1.11e-05 1.81e-05 2.93e-05 4.76e-05 7.73e-05 1.26e-04 2.04e-04 3.31e-04 5.37e-04 8.73e-04 1.42e-03 2.30e-03 3.73e-03 6.06e-03 9.84e-03 1.60e-02 2.60e-02 4.21e-02 6.84e-02 1.11e-01 1.80e-01 2.93e-01 -5.25e-01 2.93e-01 1.80e-01 1.11e-01 6.84e-02 4.21e-02 2.60e-02 1.60e-02 9.84e-03 6.06e-03 3.73e-03 2.30e-03 1.42e-03 8.73e-04 5.37e-04 3.31e-04 2.04e-04 1.26e-04 7.73e-05 4.76e-05 2.93e-05 1.81e-05 1.11e-05 6.85e-06 4.22e-06 2.60e-06 1.60e-06 9.86e-07 6.08e-07 3.74e-07 2.30e-07 1.42e-07 8.74e-08 5.38e-08 3.32e-08 2.04e-08 1.26e-08 7.75e-09 4.77e-09 2.94e-09 1.81e-09 1.12e-09 6.87e-10 4.23e-10 2.61e-10 1.60e-10 9.88e-11 6.09e-11 3.75e-11 2.31e-11 1.42e-11 8.76e-12 5.40e-12 3.32e-12 2.05e-12 1.26e-12 7.76e-13 4.77e-13 2.92e-13 1.78e-13 1.06e-13 5.89e-14 2.63e-14 1.10e-13
3.26e-08 7.81e-09 1.75e-08 3.14e-08 5.27e-08 8.67e-08 1.42e-07 2.30e-07 3.74e-07 6.07e-07 9.86e-07 1.60e-06 2.60e-06 4.22e-06 6.85e-06 1.11e-05 1.81e-05 2.93e-05 4.76e-05 7.73e-05 1.26e-04 2.04e-04 3.31e-04 5.37e-04 8.73e-04 1.42e-03 2.30e-03 3.73e-03 6.06e-03 9.84e-03 1.60e-02 2.60e-02 4.21e-02 6.84e-02 1.11e-01 1.80e-01 2.93e-01 -5.25e-01 2.93e-01 1.80e-01 1.11e-01 6.84e-02 4.21e-02 2.60e-02 1.60e-02 9.84e-03 6.06e-03 3.73e-03 2.30e-03 1.42e-03 8.73e-04 5.37e-04 3.31e-04 2.04e-04 1.26e-04 7.73e-05 4.76e-05 2.93e-05 1.81e-05 1.11e-05 6.85e-06 4.22e-06 2.60e-06 1.60e-06 9.86e-07 6.08e-07 3.74e-07 2.30e-07 1.42e-07 8.74e-08 5.38e-08 3.32e-08 2.04e-08 1.26e-08 7.75e-09 4.77e-09 2.94e-09 1.81e-09 1.12e-09 6.87e-10 4.23e-10 2.61e-10 1.60e-10 9.88e-11 6.09e-11 3.75e-11 2.31e-11 1.42e-11 8.76e-12 5.39e-12 3.32e-12 2.05e-12 1.26e-12 7.74e-13 4.74e-13 2.88e-13 1.71e-13 9.56e-14 4.27e-14 1.78e-13
2.01e-08 4.81e-09 1.08e-08 1.93e-08 3.25e-08 5.34e-08 8.72e-08 1.42e-07 2.30e-07 3.74e-07 6.07e-07 9.86e-07 1.60e-06 2.60e-06 4.22e-06 6.85e-06 1.11e-05 1.81e-05 2.93e-05 4.76e-05 7.73e-05 1.26e-04 2.04e-04 3.31e-04 5.37e-04 8.73e-04 1.42e-03 2.30e-03 3.73e-03 6.06e-03 9.84e-03 1.60e-02 2.60e-02 4.21e-02 6.84e-02 1.11e-01 1.80e-01 2.93e-01 -5.25e-01 2.93e-01 1.80e-01 1.11e-01 6.84e-02 4.21e-02 2.60e-02 1.60e-02 9.84e-03 6.06e-03 3.73e-03 2.30e-03 1.42e-03 8.73e-04 5.37e-04 3.31e-04 2.04e-04 1.26e-04 7.73e-05 4.76e-05 2.93e-05 1.81e-05 1.11e-05 6.85e-06 4.22e-06 2.60e-06 1.60e-06 9.86e-07 6.08e-07 3.74e-07 2.30e-07 1.42e-07 8.74e-08 5.38e-08 3.32e-08 2.04e-08 1.26e-08 7.75e-09 4.77e-09 2.94e-09 1.81e-09 1.12e-09 6.87e-10 4.23e-10 2.61e-10 1.60e-10 9.88e-11 6.09e-11 3.75e-11 2.31e-11 1.42e-11 8.76e-12 5.39e-12 3.32e-12 2.04e-12 1.26e-12 7.70e-13 4.68e-13 2.78e-13 1.55e-13 6.93e-14 2.90e-13
1.24e-08 2.96e-09 6.63e-09 1.19e-08 2.00e-08 3.29e-08 5.37e-08 8.73e-08 1.42e-07 2.30e-07 3.74e-07 6.08e-07 9.86e-07 1.60e-06 2.60e-06 4.22e-06 6.85e-06 1.11e-05 1.81e-05 2.93e-05 4.76e-05 7.73e-05 1.26e-04 2.04e-04 3.31e-04 5.37e-04 8.73e-04 1.42e-03 2.30e-03 3.73e-03 6.06e-03 9.84e-03 1.60e-02 2.60e-02 4.21e-02 6.84e-02 1.11e-01 1.80e-01 2.93e-01 -5.25e-01 2.93e-01 1.80e-01 1.11e-01 6.84e-02 4.21e-02 2.60e-02 1.60e-02 9.84e-03 6.06e-03 3.73e-03 2.30e-03 1.42e-03 8.73e-04 5.37e-04 3.31e-04 2.04e-04 1.26e-04 7.73e-05 4.76e-05 2.93e-05 1.81e-05 1.11e-05 6.85e-06 4.22e-06 2.60e-06 1.60e-06 9.86e-07 6.08e-07 3.74e-07 2.30e-07 1.42e-07 8.74e-08 5.38e-08 3.32e-08 2.04e-08 1.26e-08 7.75e-09 4.77e-09 2.94e-09 1.81e-09 1.12e-09 6.87e-10 4.23e-10 2.61e-10 1.60e-10 9.88e-11 6.09e-11 3.75e-11 2.31e-11 1.42e-11 8.76e-12 5.39e-12 3.32e-12 2.04e-12 1.25e-12 7.60e-13 4.52e-13 2.52e-13 1.13e-13 4.70e-13
7.62e-09 1.82e-09 4.09e-09 7.33e-09 1.23e-08 2.03e-08 3.31e-08 5.38e-08 8.74e-08 1.42e-07 2.30e-07 3.74e-07 6.08e-07 9.86e-07 1.60e-06 2.60e-06 4.22e-06 6.85e-06 1.11e-05 1.81e-05 2.93e-05 4.76e-05 7.73e-05 1.26e-04 2.04e-04 3.31e-04 5.37e-04 8.73e-04 1.42e-03 2.30e-03 3.73e-03 6.06e-03 9.84e-03 1.60e-02 2.60e-02 4.21e-02 6.84e-02 1.11e-01 1.80e-01 2.93e-01 -5.25e-01 2.93e-01 1.80e-01 1.11e-01 6.84e-02 4.21e-02 2.60e-02 1.60e-02 9.84e-03 6.06e-03 3.73e-03 2.30e-03 1.42e-03 8.73e-04 5.37e-04 3.31e-04 2.04e-04 1.26e-04 7.73e-05 4.76e-05 2.93e-05 1.81e-05 1.11e-05 6.85e-06 4.22e-06 2.60e-06 1.60e-06 9.86e-07 6.08e-07 3.74e-07 2.30e-07 1.42e-07 8.74e-08 5.38e-08 3.32e-08 2.04e-08 1.26e-08 7.75e-09 4.77e-09 2.94e-09 1.81e-09 1.12e-09 6.87e-10 4.23e-10 2.61e-10 1.60e-10 9.88e-11 6.09e-11 3.75e-11 2.31e-11 1.42e-11 8.76e-12 5.39e-12 3.31e-12 2.03e-12 1.23e-12 7.34e-13 4.09e-13 1.83e-13 7.63e-13
4.69e-09 1.12e-09 2.52e-09 4.51e-09 7.59e-09 1.25e-08 2.04e-08 3.31e-08 5.38e-08 8.74e-08 1.42e-07 2.30e-07 3.74e-07 6.08e-07 9.86e-07 1.60e-06 2.60e-06 4.22e-06 6.85e-06 1.11e-05 1.81e-05 2.93e-05 4.76e-05 7.73e-05 1.26e-04 2.04e-04 3.31e-04 5.37e-04 8.73e-04 1.42e-03 2.30e-03 3.73e-03 6.06e-03 9.84e-03 1.60e-02 2.60e-02 4.21e-02 6.84e-02 1.11e-01 1.80e-01 2.93e-01 -5.25e-01 2.93e-01 1.80e-01 1.11e-01 6.84e-02 4.21e-02 2.60e-02 1.60e-02 9.84e-03 6.06e-03 3.73e-03 2.30e-03 1.42e-03 8.73e-04 5.37e-04 3.31e-04 2.04e-04 1.26e-04 7.73e-05 4.76e-05 2.93e-05 1.81e-05 1.11e-05 6.85e-06 4.22e-06 2.60e-06 1.60e-06 9.86e-07 6.08e-07 3.74e-07 2.30e-07 1.42e-07 8.74e-08 5.38e-08 3.32e-08 2.04e-08 1.26e-08 7.75e-09 4.77e-09 2.94e-09 1.81e-09 1.12e-09 6.87e-10 4.23e-10 2.61e-10 1.60e-10 9.88e-11 6.09e-11 3.75e-11 2.31e-11 1.42e-11 8.75e-12 5.38e-12 3.30e-12 2.00e-12 1.19e-12 6.65e-13 2.97e-13 1.24e-12
2.89e-09 6.92e-10 1.55e-09 2.78e-09 4.67e-09 7.69e-09 1.25e-08 2.04e-08 3.32e-08 5.38e-08 8.74e-08 1.42e-07 2.30e-07 3.74e-07 6.08e-07 9.86e-07 1.60e-06 2.60e-06 4.22e-06 6.85e-06 1.11e-05 1.81e-05 2.93e-05 4.76e-05 7.73e-05 1.26e-04 2.04e-04 3.31e-04 5.37e-04 8.73e-04 1.42e-03 2.30e-03 3.73e-03 6.06e-03 9.84e-03 1.60e-02 2.60e-02 4.21e-02 6.84e-02 1.11e-01 1.80e-01 2.93e-01 -5.25e-01 2.93e-01 1.80e-01 1.11e-01 6.84e-02 4.21e-02 2.60e-02 1.60e-02 9.84e-03 6.06e-03 3.73e-03 2.30e-03 1.42e-03 8.73e-04 5.37e-04 3.31e-04 2.04e-04 1.26e-04 7.73e-05 4.76e-05 2.93e-05 1.81e-05 1.11e-05 6.85e-06 4.22e-06 2.60e-06 1.60e-06 9.86e-07 6.08e-07 3.74e-07 2.30e-07 1.42e-07 8.74e-08 5.38e-08 3.32e-08 2.04e-08 1.26e-08 7.75e-09 4.77e-09 2.94e-09 1.81e-09 1.12e-09 6.87e-10 4.23e-10 2.61e-10 1.60e-10 9.88e-11 6.09e-11 3.75e-11 2.31e-11 1.42e-11 8.73e-12 5.35e-12 3.25e-12 1.93e-12 1.08e-12 4.82e-13 2.01e-12
1.78e-09 4.26e-10 9.55e-10 1.71e-09 2.88e-09 4.74e-09 7.73e-09 1.26e-08 2.04e-08 3.32e-08 5.38e-08 8.74e-08 1.42e-07 2.30e-07 3.74e-07 6.08e-07 9.86e-07 1.60e-06 2.60e-06 4.22e-06 6.85e-06 1.11e-05 1.81e-05 2.93e-05 4.76e-05 7.73e-05 1.26e-04 2.04e-04 3.31e-04 5.37e-04 8.73e-04 1.42e-03 2.30e-03 3.73e-03 6.06e-03 9.84e-03 1.60e-02 2.60e-02 4.21e-02 6.84e-02 1.11e-01 1.80e-01 2.93e-01 -5.25e-01 2.93e-01 1.80e-01 1.11e-01 6.84e-02 4.21e-02 2.60e-02 1.60e-02 9.84e-03 6.06e-03 3.73e-03 2.30e-03 1.42e-03 8.73e-04 5.37e-04 3.31e-04 2.04e-04 1.26e-04 7.73e-05 4.76e-05 2.93e-05 1.81e-05 1.11e-05 6.85e-06 4.22e-06 2.60e-06 1.60e-06 9.86e-07 6.08e-07 3.74e-07 2.30e-07 1.42e-07 8.74e-08 5.38e-08 3.32e-08 2.04e-08 1.26e-08 7.75e-09 4.77e-09 2.94e-09 1.81e-09 1.12e-09 6.87e-10 4.23e-10 2.61e-10 1.60e-10 9.88e-11 6.09e-11 3.75e-11 2.31e-11 1.42e-11 8.69e-12 5.28e-12 3.14e-12 1.75e-12 7.82e-13 3.27e-12
